['python', 'scripts/hypermapper.py', 'example_scenarios/synthetic/ordinal_branin/ordinal_branin_scenario.json']
Iteration 0
Request 10
x1,x2
0,0
9,6
3,2
8,11
-3,0
6,11
-4,5
6,8
3,0
1,9
x1,x2,Value,Energy,Timestamp
0,0,55.602112642270264,0,0
9,6,16.150821795937148,15,0
3,2,0.6445340694734334,5,0
8,11,98.18129675684932,19,0
-3,0,142.9933237110518,-3,0
6,11,117.20301933454601,17,0
-4,5,92.70795679406056,1,0
6,8,66.81109379656351,14,0
3,0,6.196583227629295,3,0
1,9,35.100744296912005,10,0

Iteration 1
Request 10
x1,x2
-1,2
0,2
-1,0
2,0
-2,0
4,0
-1,1
2,1
3,1
1,0
x1,x2,Value,Energy,Timestamp
-1,2,47.914840414812225,1,1
0,2,35.602112642270264,2,1
-1,0,74.79777617506396,-1,1
2,0,17.117261347097866,2,1
-2,0,100.09094705558034,-2,1
4,0,6.616205930654484,4,1
-1,1,60.356308294938096,0,1
2,1,11.449982997621836,3,1
3,1,2.4205586485513635,4,1
1,0,35.778175704962486,1,1

Iteration 2
Request 10
x1,x2
2,2
4,2
4,1
-2,2
0,1
-4,0
-3,1
-5,0
-2,1
1,1
x1,x2,Value,Energy,Timestamp
2,2,7.7827046481458035,4,2
4,2,3.8131882401429777,6,2
4,1,4.214697085398731,5,2
-2,2,65.29159946192502,0,2
0,1,44.602112642270264,1,2
-4,0,212.0394554938556,-4,2
-3,1,120.11870596094641,-2,2
-5,0,308.12909601160663,-5,2
-2,1,81.69127325875269,-1,2
1,1,27.702905548512433,2,2

Iteration 3
Request 10
x1,x2
-3,4
-3,2
-1,3
1,3
0,3
5,1
3,3
-2,3
-4,1
-5,1
x1,x2,Value,Energy,Timestamp
-3,4,63.494852710630305,1,3
-3,2,99.24408821084104,-1,3
-1,3,37.473372534686355,2,3
1,3,17.552365235612324,4,3
0,3,28.602112642270264,3,3
5,1,12.79766714749939,6,3
3,3,0.8685094903955033,6,3
-2,3,50.891925665097354,1,3
-4,1,184.1731557538966,-3,3
-5,1,274.7543762452181,-4,3

Iteration 4
Request 10
x1,x2
1,2
-5,2
-1,4
2,3
5,0
4,3
-2,4
-3,3
-4,3
-4,2
x1,x2,Value,Energy,Timestamp
1,2,21.62763539206238,3,4
-5,2,243.3796564788296,-3,4
-1,4,29.031904654560485,3,4
2,3,6.115426298669772,5,4
5,0,14.341398295508888,5,4
4,3,5.411679394887225,7,4
-2,4,38.4922518682697,2,4
-3,3,80.36947046073567,0,4
-4,3,134.4405562739786,-1,4
-4,2,158.3068560139376,-2,4

Iteration 5
Request 10
x1,x2
3,4
5,3
-3,5
1,4
-4,4
2,4
-5,5
-2,5
5,2
-5,3
x1,x2,Value,Energy,Timestamp
3,4,3.092484911317573,7,5
5,3,15.710204851480391,8,5
-3,5,48.62023496052493,2,5
1,4,15.47709507916227,5,5
-4,4,112.57425653401958,0,5
2,4,6.44814794919374,6,5
-5,5,161.25549717966388,0,5
-2,5,28.092578071442034,3,5
5,2,13.25393599948989,7,5
-5,3,214.004936712441,-2,5

End of Branin.
